1.198000000000000000e+03 1.190000000000000036e+01 2.975000000000000000e+03
2.530000000000000000e+03 5.530000000000000249e+00 1.382500000000000000e+03
2.014000000000000000e+03 6.379999999999999893e+00 1.595000000000000000e+03
2.136000000000000000e+03 5.530000000000000249e+00 1.382500000000000000e+03
1.492000000000000000e+03 8.500000000000000000e+00 2.125000000000000000e+03
1.652000000000000000e+03 7.650000000000000355e+00 1.912500000000000000e+03
1.168000000000000000e+03 1.359999999999999964e+01 3.400000000000000000e+03
1.492000000000000000e+03 9.779999999999999361e+00 2.445000000000000000e+03
1.602000000000000000e+03 8.929999999999999716e+00 2.232500000000000000e+03
1.192000000000000000e+03 1.190000000000000036e+01 2.975000000000000000e+03
2.045000000000000000e+03 6.379999999999999893e+00 1.595000000000000000e+03
